Age
36
31
74
32
28
52
47
64
67
78
75
76
44
50
70
29
51
74
34
37
59
26
25
22
66
49
75
45
61
63
52
72
40
46
51
77
74
38
61
33
65
67
40
69
55
77
21
62
73
72
10
65
69
56
61
78
25
57
51
30
34
32
17
24
59
42
30
35
18
67
67
72
40
56
58
35
49
50
40
26
59
57
67
10
57
33
13
70
54
58
38
73
72
57
16
23
65
56
35
26
60
39
54
46
32
35
39
73
75
48
32
63
29
16
65
44
29
78
42
28
24
56
75
13
69
42
69
76
23
60
75
69
34
59
32
34
43
73
30
35
54
41
66
46
71
74
41
58
59
41
55
56
75
28
39
20
22
35
41
47
38
40
51
51
22
20
54
16
77
56
52
39
51
35
55
17
72
26
22
44
50
34
59
46
39
34
24
15
11
74
19
42
51
55
47
42
10
33
56
58
